90%
Normalized data analyses:
history {'loss': [0.7909096479415894, 0.10868190973997116, 0.06533792614936829, 0.04908183962106705, 0.038459472358226776, 0.03167970851063728, 0.02611870877444744, 0.021268444135785103, 0.018925826996564865, 0.017934871837496758, 0.015546875074505806, 0.012209462933242321, 0.013152850791811943, 0.012184159830212593, 0.009848779998719692], 'accuracy': [0.7291111350059509, 0.9672407507896423, 0.9798518419265747, 0.9847221970558167, 0.9877222180366516, 0.9899444580078125, 0.9913889169692993, 0.9930185079574585, 0.9937962889671326, 0.9939814805984497, 0.9950000047683716, 0.9959629774093628, 0.995888888835907, 0.9957407116889954, 0.9965925812721252], 'val_loss': [0.16624978184700012, 0.07375340908765793, 0.06114783138036728, 0.057741571217775345, 0.04549579322338104, 0.04370264336466789, 0.05080486088991165, 0.043677881360054016, 0.0406707338988781, 0.04467257112264633, 0.04743405804038048, 0.05498958379030228, 0.05737422779202461, 0.051375966519117355, 0.05154229328036308], 'val_accuracy': [0.9503333568572998, 0.9775000214576721, 0.9821666479110718, 0.9806666374206543, 0.984499990940094, 0.9856666922569275, 0.9854999780654907, 0.9868333339691162, 0.9865000247955322, 0.987333357334137, 0.9856666922569275, 0.9836666584014893, 0.9856666922569275, 0.9869999885559082, 0.9879999756813049]}

Taxa de Erros: 0.0631
Taxa de Acurácia: 0.9876
Previsões erradas: 124/10000

70%
history {'loss': [0.9783458113670349, 0.11465105414390564, 0.07225918769836426, 0.05550863966345787, 0.04431413114070892, 0.03609145060181618, 0.02992643602192402, 0.025169573724269867, 0.020160842686891556, 0.021320777013897896, 0.016925636678934097, 0.014418261125683784, 0.01466227788478136, 0.012635915540158749, 0.011136415414512157], 'accuracy': [0.6613571643829346, 0.9646190404891968, 0.9777619242668152, 0.9831428527832031, 0.986214280128479, 0.9882857203483582, 0.9901428818702698, 0.9917142987251282, 0.9937381148338318, 0.9929999709129333, 0.9942857027053833, 0.9951428771018982, 0.9950952529907227, 0.996071457862854, 0.9964285492897034], 'val_loss': [0.1891404092311859, 0.08554215729236603, 0.07835393399000168, 0.06653519719839096, 0.0664500743150711, 0.06942492723464966, 0.061814311891794205, 0.05528876930475235, 0.07240168750286102, 0.05551580339670181, 0.06207742542028427, 0.07846265286207199, 0.06808262318372726, 0.0724467858672142, 0.06299925595521927], 'val_accuracy': [0.9433333277702332, 0.9733889102935791, 0.9764444231987, 0.9815555810928345, 0.9794444441795349, 0.9798333048820496, 0.9834444522857666, 0.9851666688919067, 0.9818333387374878, 0.9863888621330261, 0.9851111173629761, 0.9812777638435364, 0.9842777848243713, 0.9835000038146973, 0.9857222437858582]}

Taxa de Erros: 0.0528
Taxa de Acurácia: 0.9866
Previsões erradas: 134/10000
